MODEL.01
Model initial
ISOTROPIC
KGS
FLAT EARTH
1-D
CONSTANT VELOCITY
LINE08
LINE09
LINE10
LINE11
	H(KM)	VP(KM/S)	VS(KM/S)	RHO(GM/CC)	QP	QS	ETAP	ETAS	FREFP	FREFS
2.0 5.424 3.213 2.605 0.0 0.0 0.0 0.0 1.0 1.0
2.0 5.424 3.213 2.605 0.0 0.0 0.0 0.0 1.0 1.0
2.0 5.424 3.213 2.605 0.0 0.0 0.0 0.0 1.0 1.0
2.0 5.424 3.213 2.605 0.0 0.0 0.0 0.0 1.0 1.0
2.0 5.424 3.213 2.605 0.0 0.0 0.0 0.0 1.0 1.0
2.0 5.995 3.520 2.716 0.0 0.0 0.0 0.0 1.0 1.0
2.0 5.995 3.520 2.716 0.0 0.0 0.0 0.0 1.0 1.0
2.0 5.995 3.520 2.716 0.0 0.0 0.0 0.0 1.0 1.0
2.0 5.995 3.520 2.716 0.0 0.0 0.0 0.0 1.0 1.0
2.0 5.995 3.520 2.716 0.0 0.0 0.0 0.0 1.0 1.0
2.0 6.353 3.705 2.797 0.0 0.0 0.0 0.0 1.0 1.0
2.0 6.353 3.705 2.797 0.0 0.0 0.0 0.0 1.0 1.0
2.0 6.353 3.705 2.797 0.0 0.0 0.0 0.0 1.0 1.0
2.0 6.353 3.705 2.797 0.0 0.0 0.0 0.0 1.0 1.0
2.0 6.353 3.705 2.797 0.0 0.0 0.0 0.0 1.0 1.0
2.0 6.841 3.952 2.923 0.0 0.0 0.0 0.0 1.0 1.0
2.0 6.841 3.952 2.923 0.0 0.0 0.0 0.0 1.0 1.0
2.0 6.841 3.952 2.923 0.0 0.0 0.0 0.0 1.0 1.0
2.0 6.841 3.952 2.923 0.0 0.0 0.0 0.0 1.0 1.0
2.0 6.841 3.952 2.923 0.0 0.0 0.0 0.0 1.0 1.0
2.0 7.718 4.400 3.193 0.0 0.0 0.0 0.0 1.0 1.0
2.0 7.718 4.400 3.193 0.0 0.0 0.0 0.0 1.0 1.0
2.0 7.718 4.400 3.193 0.0 0.0 0.0 0.0 1.0 1.0
2.0 7.718 4.400 3.193 0.0 0.0 0.0 0.0 1.0 1.0
2.0 7.718 4.400 3.193 0.0 0.0 0.0 0.0 1.0 1.0
2.0 7.699 4.390 3.187 0.0 0.0 0.0 0.0 1.0 1.0
2.0 7.699 4.390 3.187 0.0 0.0 0.0 0.0 1.0 1.0
2.0 7.699 4.390 3.187 0.0 0.0 0.0 0.0 1.0 1.0
2.0 7.699 4.390 3.187 0.0 0.0 0.0 0.0 1.0 1.0
2.0 7.699 4.390 3.187 0.0 0.0 0.0 0.0 1.0 1.0
2.0 7.680 4.380 3.180 0.0 0.0 0.0 0.0 1.0 1.0
2.0 7.680 4.380 3.180 0.0 0.0 0.0 0.0 1.0 1.0
2.0 7.680 4.380 3.180 0.0 0.0 0.0 0.0 1.0 1.0
2.0 7.680 4.380 3.180 0.0 0.0 0.0 0.0 1.0 1.0
2.0 7.680 4.380 3.180 0.0 0.0 0.0 0.0 1.0 1.0
2.0 7.680 4.380 3.180 0.0 0.0 0.0 0.0 1.0 1.0
2.0 7.680 4.380 3.180 0.0 0.0 0.0 0.0 1.0 1.0
2.0 7.680 4.380 3.180 0.0 0.0 0.0 0.0 1.0 1.0
2.0 7.680 4.380 3.180 0.0 0.0 0.0 0.0 1.0 1.0
2.0 7.680 4.380 3.180 0.0 0.0 0.0 0.0 1.0 1.0
2.0 7.641 4.360 3.168 0.0 0.0 0.0 0.0 1.0 1.0
2.0 7.641 4.360 3.168 0.0 0.0 0.0 0.0 1.0 1.0
2.0 7.641 4.360 3.168 0.0 0.0 0.0 0.0 1.0 1.0
2.0 7.641 4.360 3.168 0.0 0.0 0.0 0.0 1.0 1.0
2.0 7.641 4.360 3.168 0.0 0.0 0.0 0.0 1.0 1.0
2.0 7.641 4.360 3.168 0.0 0.0 0.0 0.0 1.0 1.0
2.0 7.641 4.360 3.168 0.0 0.0 0.0 0.0 1.0 1.0
2.0 7.641 4.360 3.168 0.0 0.0 0.0 0.0 1.0 1.0
2.0 7.641 4.360 3.168 0.0 0.0 0.0 0.0 1.0 1.0
2.0 7.641 4.360 3.168 0.0 0.0 0.0 0.0 1.0 1.0
2.0 7.756 4.420 3.206 0.0 0.0 0.0 0.0 1.0 1.0
2.0 7.756 4.420 3.206 0.0 0.0 0.0 0.0 1.0 1.0
2.0 7.756 4.420 3.206 0.0 0.0 0.0 0.0 1.0 1.0
2.0 7.756 4.420 3.206 0.0 0.0 0.0 0.0 1.0 1.0
2.0 7.756 4.420 3.206 0.0 0.0 0.0 0.0 1.0 1.0
2.0 7.756 4.420 3.206 0.0 0.0 0.0 0.0 1.0 1.0
2.0 7.756 4.420 3.206 0.0 0.0 0.0 0.0 1.0 1.0
2.0 7.756 4.420 3.206 0.0 0.0 0.0 0.0 1.0 1.0
2.0 7.756 4.420 3.206 0.0 0.0 0.0 0.0 1.0 1.0
2.0 7.756 4.420 3.206 0.0 0.0 0.0 0.0 1.0 1.0
2.0 7.906 4.500 3.258 0.0 0.0 0.0 0.0 1.0 1.0
2.0 7.906 4.500 3.258 0.0 0.0 0.0 0.0 1.0 1.0
2.0 7.906 4.500 3.258 0.0 0.0 0.0 0.0 1.0 1.0
2.0 7.906 4.500 3.258 0.0 0.0 0.0 0.0 1.0 1.0
2.0 7.906 4.500 3.258 0.0 0.0 0.0 0.0 1.0 1.0
2.0 7.906 4.500 3.258 0.0 0.0 0.0 0.0 1.0 1.0
2.0 7.906 4.500 3.258 0.0 0.0 0.0 0.0 1.0 1.0
2.0 7.906 4.500 3.258 0.0 0.0 0.0 0.0 1.0 1.0
2.0 7.906 4.500 3.258 0.0 0.0 0.0 0.0 1.0 1.0
2.0 7.906 4.500 3.258 0.0 0.0 0.0 0.0 1.0 1.0
2.0 7.906 4.500 3.258 0.0 0.0 0.0 0.0 1.0 1.0
2.0 7.906 4.500 3.258 0.0 0.0 0.0 0.0 1.0 1.0
2.0 7.906 4.500 3.258 0.0 0.0 0.0 0.0 1.0 1.0
2.0 7.906 4.500 3.258 0.0 0.0 0.0 0.0 1.0 1.0
2.0 7.906 4.500 3.258 0.0 0.0 0.0 0.0 1.0 1.0
2.0 7.906 4.500 3.258 0.0 0.0 0.0 0.0 1.0 1.0
2.0 7.906 4.500 3.258 0.0 0.0 0.0 0.0 1.0 1.0
2.0 7.906 4.500 3.258 0.0 0.0 0.0 0.0 1.0 1.0
2.0 7.906 4.500 3.258 0.0 0.0 0.0 0.0 1.0 1.0
2.0 7.906 4.500 3.258 0.0 0.0 0.0 0.0 1.0 1.0
2.0 7.906 4.500 3.258 0.0 0.0 0.0 0.0 1.0 1.0
2.0 7.906 4.500 3.258 0.0 0.0 0.0 0.0 1.0 1.0
2.0 7.906 4.500 3.258 0.0 0.0 0.0 0.0 1.0 1.0
2.0 7.906 4.500 3.258 0.0 0.0 0.0 0.0 1.0 1.0
2.0 7.906 4.500 3.258 0.0 0.0 0.0 0.0 1.0 1.0
2.0 7.906 4.500 3.258 0.0 0.0 0.0 0.0 1.0 1.0
2.0 7.906 4.500 3.258 0.0 0.0 0.0 0.0 1.0 1.0
2.0 7.906 4.500 3.258 0.0 0.0 0.0 0.0 1.0 1.0
2.0 7.906 4.500 3.258 0.0 0.0 0.0 0.0 1.0 1.0
2.0 7.906 4.500 3.258 0.0 0.0 0.0 0.0 1.0 1.0
2.0 7.906 4.500 3.258 0.0 0.0 0.0 0.0 1.0 1.0
2.0 7.906 4.500 3.258 0.0 0.0 0.0 0.0 1.0 1.0
2.0 7.906 4.500 3.258 0.0 0.0 0.0 0.0 1.0 1.0
2.0 7.906 4.500 3.258 0.0 0.0 0.0 0.0 1.0 1.0
2.0 7.906 4.500 3.258 0.0 0.0 0.0 0.0 1.0 1.0
2.0 7.906 4.500 3.258 0.0 0.0 0.0 0.0 1.0 1.0
2.0 7.906 4.500 3.258 0.0 0.0 0.0 0.0 1.0 1.0
2.0 7.906 4.500 3.258 0.0 0.0 0.0 0.0 1.0 1.0
2.0 7.906 4.500 3.258 0.0 0.0 0.0 0.0 1.0 1.0
2.0 7.906 4.500 3.258 0.0 0.0 0.0 0.0 1.0 1.0
5.0 7.906 4.500 3.258 0.0 0.0 0.0 0.0 1.0 1.0
5.0 7.906 4.500 3.258 0.0 0.0 0.0 0.0 1.0 1.0
5.0 7.906 4.500 3.258 0.0 0.0 0.0 0.0 1.0 1.0
5.0 7.906 4.500 3.258 0.0 0.0 0.0 0.0 1.0 1.0
5.0 7.906 4.500 3.258 0.0 0.0 0.0 0.0 1.0 1.0
5.0 7.906 4.500 3.258 0.0 0.0 0.0 0.0 1.0 1.0
5.0 7.906 4.500 3.258 0.0 0.0 0.0 0.0 1.0 1.0
5.0 7.906 4.500 3.258 0.0 0.0 0.0 0.0 1.0 1.0
5.0 7.906 4.500 3.258 0.0 0.0 0.0 0.0 1.0 1.0
5.0 7.906 4.500 3.258 0.0 0.0 0.0 0.0 1.0 1.0
5.0 7.906 4.500 3.258 0.0 0.0 0.0 0.0 1.0 1.0
5.0 7.906 4.500 3.258 0.0 0.0 0.0 0.0 1.0 1.0
5.0 7.906 4.500 3.258 0.0 0.0 0.0 0.0 1.0 1.0
5.0 7.906 4.500 3.258 0.0 0.0 0.0 0.0 1.0 1.0
5.0 7.906 4.500 3.258 0.0 0.0 0.0 0.0 1.0 1.0
5.0 7.906 4.500 3.258 0.0 0.0 0.0 0.0 1.0 1.0
5.0 7.906 4.500 3.258 0.0 0.0 0.0 0.0 1.0 1.0
5.0 7.906 4.500 3.258 0.0 0.0 0.0 0.0 1.0 1.0
5.0 7.906 4.500 3.258 0.0 0.0 0.0 0.0 1.0 1.0
5.0 7.906 4.500 3.258 0.0 0.0 0.0 0.0 1.0 1.0
5.0 7.906 4.500 3.258 0.0 0.0 0.0 0.0 1.0 1.0
5.0 7.906 4.500 3.258 0.0 0.0 0.0 0.0 1.0 1.0
5.0 7.906 4.500 3.258 0.0 0.0 0.0 0.0 1.0 1.0
5.0 7.906 4.500 3.258 0.0 0.0 0.0 0.0 1.0 1.0
5.0 7.906 4.500 3.258 0.0 0.0 0.0 0.0 1.0 1.0
5.0 7.906 4.500 3.258 0.0 0.0 0.0 0.0 1.0 1.0
5.0 7.906 4.500 3.258 0.0 0.0 0.0 0.0 1.0 1.0
5.0 7.906 4.500 3.258 0.0 0.0 0.0 0.0 1.0 1.0
5.0 7.906 4.500 3.258 0.0 0.0 0.0 0.0 1.0 1.0
5.0 7.906 4.500 3.258 0.0 0.0 0.0 0.0 1.0 1.0
5.0 7.906 4.500 3.258 0.0 0.0 0.0 0.0 1.0 1.0
5.0 7.906 4.500 3.258 0.0 0.0 0.0 0.0 1.0 1.0
5.0 7.906 4.500 3.258 0.0 0.0 0.0 0.0 1.0 1.0
5.0 7.906 4.500 3.258 0.0 0.0 0.0 0.0 1.0 1.0
5.0 7.906 4.500 3.258 0.0 0.0 0.0 0.0 1.0 1.0
5.0 7.906 4.500 3.258 0.0 0.0 0.0 0.0 1.0 1.0
5.0 7.906 4.500 3.258 0.0 0.0 0.0 0.0 1.0 1.0
5.0 7.906 4.500 3.258 0.0 0.0 0.0 0.0 1.0 1.0
5.0 7.906 4.500 3.258 0.0 0.0 0.0 0.0 1.0 1.0
5.0 7.906 4.500 3.258 0.0 0.0 0.0 0.0 1.0 1.0
5.0 7.906 4.500 3.258 0.0 0.0 0.0 0.0 1.0 1.0
5.0 7.906 4.500 3.258 0.0 0.0 0.0 0.0 1.0 1.0
5.0 7.906 4.500 3.258 0.0 0.0 0.0 0.0 1.0 1.0
5.0 7.906 4.500 3.258 0.0 0.0 0.0 0.0 1.0 1.0
5.0 7.906 4.500 3.258 0.0 0.0 0.0 0.0 1.0 1.0
5.0 7.906 4.500 3.258 0.0 0.0 0.0 0.0 1.0 1.0
5.0 7.906 4.500 3.258 0.0 0.0 0.0 0.0 1.0 1.0
5.0 7.906 4.500 3.258 0.0 0.0 0.0 0.0 1.0 1.0
5.0 7.906 4.500 3.258 0.0 0.0 0.0 0.0 1.0 1.0
5.0 7.906 4.500 3.258 0.0 0.0 0.0 0.0 1.0 1.0
10.0 7.906 4.500 3.258 0.0 0.0 0.0 0.0 1.0 1.0
10.0 7.906 4.500 3.258 0.0 0.0 0.0 0.0 1.0 1.0
10.0 7.906 4.500 3.258 0.0 0.0 0.0 0.0 1.0 1.0
10.0 7.906 4.500 3.258 0.0 0.0 0.0 0.0 1.0 1.0
10.0 7.906 4.500 3.258 0.0 0.0 0.0 0.0 1.0 1.0
10.0 7.906 4.500 3.258 0.0 0.0 0.0 0.0 1.0 1.0
10.0 7.906 4.500 3.258 0.0 0.0 0.0 0.0 1.0 1.0
10.0 7.906 4.500 3.258 0.0 0.0 0.0 0.0 1.0 1.0
10.0 7.906 4.500 3.258 0.0 0.0 0.0 0.0 1.0 1.0
10.0 7.906 4.500 3.258 0.0 0.0 0.0 0.0 1.0 1.0
10.0 7.906 4.500 3.258 0.0 0.0 0.0 0.0 1.0 1.0
10.0 7.906 4.500 3.258 0.0 0.0 0.0 0.0 1.0 1.0
10.0 7.906 4.500 3.258 0.0 0.0 0.0 0.0 1.0 1.0
10.0 7.906 4.500 3.258 0.0 0.0 0.0 0.0 1.0 1.0
10.0 7.906 4.500 3.258 0.0 0.0 0.0 0.0 1.0 1.0
10.0 7.906 4.500 3.258 0.0 0.0 0.0 0.0 1.0 1.0
10.0 7.906 4.500 3.258 0.0 0.0 0.0 0.0 1.0 1.0
10.0 7.906 4.500 3.258 0.0 0.0 0.0 0.0 1.0 1.0
10.0 7.906 4.500 3.258 0.0 0.0 0.0 0.0 1.0 1.0
10.0 7.906 4.500 3.258 0.0 0.0 0.0 0.0 1.0 1.0
10.0 7.906 4.500 3.258 0.0 0.0 0.0 0.0 1.0 1.0
10.0 7.906 4.500 3.258 0.0 0.0 0.0 0.0 1.0 1.0
10.0 7.906 4.500 3.258 0.0 0.0 0.0 0.0 1.0 1.0
10.0 7.906 4.500 3.258 0.0 0.0 0.0 0.0 1.0 1.0
10.0 7.906 4.500 3.258 0.0 0.0 0.0 0.0 1.0 1.0
10.0 7.906 4.500 3.258 0.0 0.0 0.0 0.0 1.0 1.0
10.0 7.906 4.500 3.258 0.0 0.0 0.0 0.0 1.0 1.0
10.0 7.906 4.500 3.258 0.0 0.0 0.0 0.0 1.0 1.0
10.0 7.906 4.500 3.258 0.0 0.0 0.0 0.0 1.0 1.0
10.0 7.906 4.500 3.258 0.0 0.0 0.0 0.0 1.0 1.0
10.0 7.906 4.500 3.258 0.0 0.0 0.0 0.0 1.0 1.0
10.0 7.906 4.500 3.258 0.0 0.0 0.0 0.0 1.0 1.0
10.0 7.906 4.500 3.258 0.0 0.0 0.0 0.0 1.0 1.0
10.0 7.906 4.500 3.258 0.0 0.0 0.0 0.0 1.0 1.0
10.0 7.906 4.500 3.258 0.0 0.0 0.0 0.0 1.0 1.0
10.0 7.906 4.500 3.258 0.0 0.0 0.0 0.0 1.0 1.0
10.0 7.906 4.500 3.258 0.0 0.0 0.0 0.0 1.0 1.0
10.0 7.906 4.500 3.258 0.0 0.0 0.0 0.0 1.0 1.0
10.0 7.906 4.500 3.258 0.0 0.0 0.0 0.0 1.0 1.0
10.0 7.906 4.500 3.258 0.0 0.0 0.0 0.0 1.0 1.0
10.0 7.906 4.500 3.258 0.0 0.0 0.0 0.0 1.0 1.0
10.0 7.906 4.500 3.258 0.0 0.0 0.0 0.0 1.0 1.0
10.0 7.906 4.500 3.258 0.0 0.0 0.0 0.0 1.0 1.0
10.0 7.906 4.500 3.258 0.0 0.0 0.0 0.0 1.0 1.0
10.0 7.906 4.500 3.258 0.0 0.0 0.0 0.0 1.0 1.0
10.0 11.937 6.900 5.000 0.0 0.0 0.0 0.0 1.0 1.0
10.0 11.937 6.900 5.000 0.0 0.0 0.0 0.0 1.0 1.0
10.0 11.937 6.900 5.000 0.0 0.0 0.0 0.0 1.0 1.0
10.0 11.937 6.900 5.000 0.0 0.0 0.0 0.0 1.0 1.0
10.0 11.937 6.900 5.000 0.0 0.0 0.0 0.0 1.0 1.0
