MODEL.01
Model initial
ISOTROPIC
KGS
FLAT EARTH
1-D
CONSTANT VELOCITY
LINE08
LINE09
LINE10
LINE11
	H(KM)	VP(KM/S)	VS(KM/S)	RHO(GM/CC)	QP	QS	ETAP	ETAS	FREFP	FREFS
2.0 5.100 3.029 2.550 0.0 0.0 0.0 0.0 1.0 1.0
2.0 5.100 3.029 2.550 0.0 0.0 0.0 0.0 1.0 1.0
2.0 5.100 3.029 2.550 0.0 0.0 0.0 0.0 1.0 1.0
2.0 5.100 3.029 2.550 0.0 0.0 0.0 0.0 1.0 1.0
2.0 5.100 3.029 2.550 0.0 0.0 0.0 0.0 1.0 1.0
2.0 6.300 3.678 2.784 0.0 0.0 0.0 0.0 1.0 1.0
2.0 6.300 3.678 2.784 0.0 0.0 0.0 0.0 1.0 1.0
2.0 6.300 3.678 2.784 0.0 0.0 0.0 0.0 1.0 1.0
2.0 6.300 3.678 2.784 0.0 0.0 0.0 0.0 1.0 1.0
2.0 6.300 3.678 2.784 0.0 0.0 0.0 0.0 1.0 1.0
2.0 6.449 3.754 2.820 0.0 0.0 0.0 0.0 1.0 1.0
2.0 6.449 3.754 2.820 0.0 0.0 0.0 0.0 1.0 1.0
2.0 6.449 3.754 2.820 0.0 0.0 0.0 0.0 1.0 1.0
2.0 6.449 3.754 2.820 0.0 0.0 0.0 0.0 1.0 1.0
2.0 6.449 3.754 2.820 0.0 0.0 0.0 0.0 1.0 1.0
2.0 6.520 3.790 2.838 0.0 0.0 0.0 0.0 1.0 1.0
2.0 6.520 3.790 2.838 0.0 0.0 0.0 0.0 1.0 1.0
2.0 6.520 3.790 2.838 0.0 0.0 0.0 0.0 1.0 1.0
2.0 6.520 3.790 2.838 0.0 0.0 0.0 0.0 1.0 1.0
2.0 6.520 3.790 2.838 0.0 0.0 0.0 0.0 1.0 1.0
2.0 6.975 4.020 2.961 0.0 0.0 0.0 0.0 1.0 1.0
2.0 6.975 4.020 2.961 0.0 0.0 0.0 0.0 1.0 1.0
2.0 6.975 4.020 2.961 0.0 0.0 0.0 0.0 1.0 1.0
2.0 6.975 4.020 2.961 0.0 0.0 0.0 0.0 1.0 1.0
2.0 6.975 4.020 2.961 0.0 0.0 0.0 0.0 1.0 1.0
2.0 6.995 4.030 2.967 0.0 0.0 0.0 0.0 1.0 1.0
2.0 6.995 4.030 2.967 0.0 0.0 0.0 0.0 1.0 1.0
2.0 6.995 4.030 2.967 0.0 0.0 0.0 0.0 1.0 1.0
2.0 6.995 4.030 2.967 0.0 0.0 0.0 0.0 1.0 1.0
2.0 6.995 4.030 2.967 0.0 0.0 0.0 0.0 1.0 1.0
2.0 7.015 4.040 2.972 0.0 0.0 0.0 0.0 1.0 1.0
2.0 7.015 4.040 2.972 0.0 0.0 0.0 0.0 1.0 1.0
2.0 7.015 4.040 2.972 0.0 0.0 0.0 0.0 1.0 1.0
2.0 7.015 4.040 2.972 0.0 0.0 0.0 0.0 1.0 1.0
2.0 7.015 4.040 2.972 0.0 0.0 0.0 0.0 1.0 1.0
2.0 7.015 4.040 2.972 0.0 0.0 0.0 0.0 1.0 1.0
2.0 7.015 4.040 2.972 0.0 0.0 0.0 0.0 1.0 1.0
2.0 7.015 4.040 2.972 0.0 0.0 0.0 0.0 1.0 1.0
2.0 7.015 4.040 2.972 0.0 0.0 0.0 0.0 1.0 1.0
2.0 7.015 4.040 2.972 0.0 0.0 0.0 0.0 1.0 1.0
2.0 7.213 4.140 3.031 0.0 0.0 0.0 0.0 1.0 1.0
2.0 7.213 4.140 3.031 0.0 0.0 0.0 0.0 1.0 1.0
2.0 7.213 4.140 3.031 0.0 0.0 0.0 0.0 1.0 1.0
2.0 7.213 4.140 3.031 0.0 0.0 0.0 0.0 1.0 1.0
2.0 7.213 4.140 3.031 0.0 0.0 0.0 0.0 1.0 1.0
2.0 7.213 4.140 3.031 0.0 0.0 0.0 0.0 1.0 1.0
2.0 7.213 4.140 3.031 0.0 0.0 0.0 0.0 1.0 1.0
2.0 7.213 4.140 3.031 0.0 0.0 0.0 0.0 1.0 1.0
2.0 7.213 4.140 3.031 0.0 0.0 0.0 0.0 1.0 1.0
2.0 7.213 4.140 3.031 0.0 0.0 0.0 0.0 1.0 1.0
2.0 7.448 4.260 3.104 0.0 0.0 0.0 0.0 1.0 1.0
2.0 7.448 4.260 3.104 0.0 0.0 0.0 0.0 1.0 1.0
2.0 7.448 4.260 3.104 0.0 0.0 0.0 0.0 1.0 1.0
2.0 7.448 4.260 3.104 0.0 0.0 0.0 0.0 1.0 1.0
2.0 7.448 4.260 3.104 0.0 0.0 0.0 0.0 1.0 1.0
2.0 7.448 4.260 3.104 0.0 0.0 0.0 0.0 1.0 1.0
2.0 7.448 4.260 3.104 0.0 0.0 0.0 0.0 1.0 1.0
2.0 7.448 4.260 3.104 0.0 0.0 0.0 0.0 1.0 1.0
2.0 7.448 4.260 3.104 0.0 0.0 0.0 0.0 1.0 1.0
2.0 7.448 4.260 3.104 0.0 0.0 0.0 0.0 1.0 1.0
2.0 7.680 4.380 3.180 0.0 0.0 0.0 0.0 1.0 1.0
2.0 7.680 4.380 3.180 0.0 0.0 0.0 0.0 1.0 1.0
2.0 7.680 4.380 3.180 0.0 0.0 0.0 0.0 1.0 1.0
2.0 7.680 4.380 3.180 0.0 0.0 0.0 0.0 1.0 1.0
2.0 7.680 4.380 3.180 0.0 0.0 0.0 0.0 1.0 1.0
2.0 7.680 4.380 3.180 0.0 0.0 0.0 0.0 1.0 1.0
2.0 7.680 4.380 3.180 0.0 0.0 0.0 0.0 1.0 1.0
2.0 7.680 4.380 3.180 0.0 0.0 0.0 0.0 1.0 1.0
2.0 7.680 4.380 3.180 0.0 0.0 0.0 0.0 1.0 1.0
2.0 7.680 4.380 3.180 0.0 0.0 0.0 0.0 1.0 1.0
2.0 7.680 4.380 3.180 0.0 0.0 0.0 0.0 1.0 1.0
2.0 7.680 4.380 3.180 0.0 0.0 0.0 0.0 1.0 1.0
2.0 7.680 4.380 3.180 0.0 0.0 0.0 0.0 1.0 1.0
2.0 7.680 4.380 3.180 0.0 0.0 0.0 0.0 1.0 1.0
2.0 7.680 4.380 3.180 0.0 0.0 0.0 0.0 1.0 1.0
2.0 7.680 4.380 3.180 0.0 0.0 0.0 0.0 1.0 1.0
2.0 7.680 4.380 3.180 0.0 0.0 0.0 0.0 1.0 1.0
2.0 7.680 4.380 3.180 0.0 0.0 0.0 0.0 1.0 1.0
2.0 7.680 4.380 3.180 0.0 0.0 0.0 0.0 1.0 1.0
2.0 7.680 4.380 3.180 0.0 0.0 0.0 0.0 1.0 1.0
2.0 7.680 4.380 3.180 0.0 0.0 0.0 0.0 1.0 1.0
2.0 7.680 4.380 3.180 0.0 0.0 0.0 0.0 1.0 1.0
2.0 7.680 4.380 3.180 0.0 0.0 0.0 0.0 1.0 1.0
2.0 7.680 4.380 3.180 0.0 0.0 0.0 0.0 1.0 1.0
2.0 7.680 4.380 3.180 0.0 0.0 0.0 0.0 1.0 1.0
2.0 7.680 4.380 3.180 0.0 0.0 0.0 0.0 1.0 1.0
2.0 7.680 4.380 3.180 0.0 0.0 0.0 0.0 1.0 1.0
2.0 7.680 4.380 3.180 0.0 0.0 0.0 0.0 1.0 1.0
2.0 7.680 4.380 3.180 0.0 0.0 0.0 0.0 1.0 1.0
2.0 7.680 4.380 3.180 0.0 0.0 0.0 0.0 1.0 1.0
2.0 7.680 4.380 3.180 0.0 0.0 0.0 0.0 1.0 1.0
2.0 7.680 4.380 3.180 0.0 0.0 0.0 0.0 1.0 1.0
2.0 7.680 4.380 3.180 0.0 0.0 0.0 0.0 1.0 1.0
2.0 7.680 4.380 3.180 0.0 0.0 0.0 0.0 1.0 1.0
2.0 7.680 4.380 3.180 0.0 0.0 0.0 0.0 1.0 1.0
2.0 7.680 4.380 3.180 0.0 0.0 0.0 0.0 1.0 1.0
2.0 7.680 4.380 3.180 0.0 0.0 0.0 0.0 1.0 1.0
2.0 7.680 4.380 3.180 0.0 0.0 0.0 0.0 1.0 1.0
2.0 7.680 4.380 3.180 0.0 0.0 0.0 0.0 1.0 1.0
2.0 7.680 4.380 3.180 0.0 0.0 0.0 0.0 1.0 1.0
5.0 7.680 4.380 3.180 0.0 0.0 0.0 0.0 1.0 1.0
5.0 7.680 4.380 3.180 0.0 0.0 0.0 0.0 1.0 1.0
5.0 7.680 4.380 3.180 0.0 0.0 0.0 0.0 1.0 1.0
5.0 7.680 4.380 3.180 0.0 0.0 0.0 0.0 1.0 1.0
5.0 7.680 4.380 3.180 0.0 0.0 0.0 0.0 1.0 1.0
5.0 7.680 4.380 3.180 0.0 0.0 0.0 0.0 1.0 1.0
5.0 7.680 4.380 3.180 0.0 0.0 0.0 0.0 1.0 1.0
5.0 7.680 4.380 3.180 0.0 0.0 0.0 0.0 1.0 1.0
5.0 7.680 4.380 3.180 0.0 0.0 0.0 0.0 1.0 1.0
5.0 7.680 4.380 3.180 0.0 0.0 0.0 0.0 1.0 1.0
5.0 7.680 4.380 3.180 0.0 0.0 0.0 0.0 1.0 1.0
5.0 7.680 4.380 3.180 0.0 0.0 0.0 0.0 1.0 1.0
5.0 7.680 4.380 3.180 0.0 0.0 0.0 0.0 1.0 1.0
5.0 7.680 4.380 3.180 0.0 0.0 0.0 0.0 1.0 1.0
5.0 7.680 4.380 3.180 0.0 0.0 0.0 0.0 1.0 1.0
5.0 7.680 4.380 3.180 0.0 0.0 0.0 0.0 1.0 1.0
5.0 7.680 4.380 3.180 0.0 0.0 0.0 0.0 1.0 1.0
5.0 7.680 4.380 3.180 0.0 0.0 0.0 0.0 1.0 1.0
5.0 7.680 4.380 3.180 0.0 0.0 0.0 0.0 1.0 1.0
5.0 7.680 4.380 3.180 0.0 0.0 0.0 0.0 1.0 1.0
5.0 7.680 4.380 3.180 0.0 0.0 0.0 0.0 1.0 1.0
5.0 7.680 4.380 3.180 0.0 0.0 0.0 0.0 1.0 1.0
5.0 7.680 4.380 3.180 0.0 0.0 0.0 0.0 1.0 1.0
5.0 7.680 4.380 3.180 0.0 0.0 0.0 0.0 1.0 1.0
5.0 7.680 4.380 3.180 0.0 0.0 0.0 0.0 1.0 1.0
5.0 7.680 4.380 3.180 0.0 0.0 0.0 0.0 1.0 1.0
5.0 7.680 4.380 3.180 0.0 0.0 0.0 0.0 1.0 1.0
5.0 7.680 4.380 3.180 0.0 0.0 0.0 0.0 1.0 1.0
5.0 7.680 4.380 3.180 0.0 0.0 0.0 0.0 1.0 1.0
5.0 7.680 4.380 3.180 0.0 0.0 0.0 0.0 1.0 1.0
5.0 7.680 4.380 3.180 0.0 0.0 0.0 0.0 1.0 1.0
5.0 7.680 4.380 3.180 0.0 0.0 0.0 0.0 1.0 1.0
5.0 7.680 4.380 3.180 0.0 0.0 0.0 0.0 1.0 1.0
5.0 7.680 4.380 3.180 0.0 0.0 0.0 0.0 1.0 1.0
5.0 7.680 4.380 3.180 0.0 0.0 0.0 0.0 1.0 1.0
5.0 7.680 4.380 3.180 0.0 0.0 0.0 0.0 1.0 1.0
5.0 7.680 4.380 3.180 0.0 0.0 0.0 0.0 1.0 1.0
5.0 7.680 4.380 3.180 0.0 0.0 0.0 0.0 1.0 1.0
5.0 7.680 4.380 3.180 0.0 0.0 0.0 0.0 1.0 1.0
5.0 7.680 4.380 3.180 0.0 0.0 0.0 0.0 1.0 1.0
5.0 7.680 4.380 3.180 0.0 0.0 0.0 0.0 1.0 1.0
5.0 7.680 4.380 3.180 0.0 0.0 0.0 0.0 1.0 1.0
5.0 7.680 4.380 3.180 0.0 0.0 0.0 0.0 1.0 1.0
5.0 7.680 4.380 3.180 0.0 0.0 0.0 0.0 1.0 1.0
5.0 7.680 4.380 3.180 0.0 0.0 0.0 0.0 1.0 1.0
5.0 7.680 4.380 3.180 0.0 0.0 0.0 0.0 1.0 1.0
5.0 7.680 4.380 3.180 0.0 0.0 0.0 0.0 1.0 1.0
5.0 7.680 4.380 3.180 0.0 0.0 0.0 0.0 1.0 1.0
5.0 7.680 4.380 3.180 0.0 0.0 0.0 0.0 1.0 1.0
5.0 7.680 4.380 3.180 0.0 0.0 0.0 0.0 1.0 1.0
10.0 7.680 4.380 3.180 0.0 0.0 0.0 0.0 1.0 1.0
10.0 7.680 4.380 3.180 0.0 0.0 0.0 0.0 1.0 1.0
10.0 7.680 4.380 3.180 0.0 0.0 0.0 0.0 1.0 1.0
10.0 7.680 4.380 3.180 0.0 0.0 0.0 0.0 1.0 1.0
10.0 7.680 4.380 3.180 0.0 0.0 0.0 0.0 1.0 1.0
10.0 7.680 4.380 3.180 0.0 0.0 0.0 0.0 1.0 1.0
10.0 7.680 4.380 3.180 0.0 0.0 0.0 0.0 1.0 1.0
10.0 7.680 4.380 3.180 0.0 0.0 0.0 0.0 1.0 1.0
10.0 7.680 4.380 3.180 0.0 0.0 0.0 0.0 1.0 1.0
10.0 7.680 4.380 3.180 0.0 0.0 0.0 0.0 1.0 1.0
10.0 7.680 4.380 3.180 0.0 0.0 0.0 0.0 1.0 1.0
10.0 7.680 4.380 3.180 0.0 0.0 0.0 0.0 1.0 1.0
10.0 7.680 4.380 3.180 0.0 0.0 0.0 0.0 1.0 1.0
10.0 7.680 4.380 3.180 0.0 0.0 0.0 0.0 1.0 1.0
10.0 7.680 4.380 3.180 0.0 0.0 0.0 0.0 1.0 1.0
10.0 7.680 4.380 3.180 0.0 0.0 0.0 0.0 1.0 1.0
10.0 7.680 4.380 3.180 0.0 0.0 0.0 0.0 1.0 1.0
10.0 7.680 4.380 3.180 0.0 0.0 0.0 0.0 1.0 1.0
10.0 7.680 4.380 3.180 0.0 0.0 0.0 0.0 1.0 1.0
10.0 7.680 4.380 3.180 0.0 0.0 0.0 0.0 1.0 1.0
10.0 7.680 4.380 3.180 0.0 0.0 0.0 0.0 1.0 1.0
10.0 7.680 4.380 3.180 0.0 0.0 0.0 0.0 1.0 1.0
10.0 7.680 4.380 3.180 0.0 0.0 0.0 0.0 1.0 1.0
10.0 7.680 4.380 3.180 0.0 0.0 0.0 0.0 1.0 1.0
10.0 7.680 4.380 3.180 0.0 0.0 0.0 0.0 1.0 1.0
10.0 7.680 4.380 3.180 0.0 0.0 0.0 0.0 1.0 1.0
10.0 7.680 4.380 3.180 0.0 0.0 0.0 0.0 1.0 1.0
10.0 7.680 4.380 3.180 0.0 0.0 0.0 0.0 1.0 1.0
10.0 7.680 4.380 3.180 0.0 0.0 0.0 0.0 1.0 1.0
10.0 7.680 4.380 3.180 0.0 0.0 0.0 0.0 1.0 1.0
10.0 7.680 4.380 3.180 0.0 0.0 0.0 0.0 1.0 1.0
10.0 7.680 4.380 3.180 0.0 0.0 0.0 0.0 1.0 1.0
10.0 7.680 4.380 3.180 0.0 0.0 0.0 0.0 1.0 1.0
10.0 7.680 4.380 3.180 0.0 0.0 0.0 0.0 1.0 1.0
10.0 7.680 4.380 3.180 0.0 0.0 0.0 0.0 1.0 1.0
10.0 7.680 4.380 3.180 0.0 0.0 0.0 0.0 1.0 1.0
10.0 7.680 4.380 3.180 0.0 0.0 0.0 0.0 1.0 1.0
10.0 7.680 4.380 3.180 0.0 0.0 0.0 0.0 1.0 1.0
10.0 7.680 4.380 3.180 0.0 0.0 0.0 0.0 1.0 1.0
10.0 7.680 4.380 3.180 0.0 0.0 0.0 0.0 1.0 1.0
10.0 7.680 4.380 3.180 0.0 0.0 0.0 0.0 1.0 1.0
10.0 7.680 4.380 3.180 0.0 0.0 0.0 0.0 1.0 1.0
10.0 7.680 4.380 3.180 0.0 0.0 0.0 0.0 1.0 1.0
10.0 7.680 4.380 3.180 0.0 0.0 0.0 0.0 1.0 1.0
10.0 7.680 4.380 3.180 0.0 0.0 0.0 0.0 1.0 1.0
10.0 11.937 6.900 5.000 0.0 0.0 0.0 0.0 1.0 1.0
10.0 11.937 6.900 5.000 0.0 0.0 0.0 0.0 1.0 1.0
10.0 11.937 6.900 5.000 0.0 0.0 0.0 0.0 1.0 1.0
10.0 11.937 6.900 5.000 0.0 0.0 0.0 0.0 1.0 1.0
10.0 11.937 6.900 5.000 0.0 0.0 0.0 0.0 1.0 1.0
