0.100000
0.090909
0.083333
0.076923
0.071429
0.066667
0.062500
0.058824
0.055556
0.052632
0.050000
0.047619
0.045455
0.043478
0.041667
0.040000
0.038462
0.037037
0.035714
0.034483
0.033333
0.032258
0.031250
0.030303
0.029412
0.028571
0.027778
0.027027
0.026316
0.025641
0.025000
0.024390
0.023810
0.023256
0.022727
0.022222
0.021739
0.021277
0.020833
0.020408
0.020000
0.019608
0.019231
0.018868
0.018519
0.018182
0.017857
0.017544
0.017241
0.016949
0.016667
0.016393
0.016129
0.015873
0.015625
0.015385
0.015152
0.014925
0.014706
0.014493
0.014286
0.014085
0.013889
0.013699
0.013514
0.013333
0.013158
0.012987
0.012821
0.012658
0.012500
0.012346
0.012195
0.012048
0.011905
0.011765
0.011628
0.011494
0.011364
0.011236
0.011111
0.010989
0.010870
0.010753
0.010638
0.010526
0.010417
0.010309
0.010204
0.010101
0.010000
0.009901
0.009804
0.009709
0.009615
0.009524
0.009434
0.009346
0.009259
0.009174
0.009091
0.009009
0.008929
0.008850
0.008772
0.008696
0.008621
0.008547
0.008475
0.008403
0.008333
0.008264
0.008197
0.008130
0.008065
0.008000
0.007937
0.007874
0.007812
0.007752
0.007692
0.007634
0.007576
0.007519
0.007463
0.007407
0.007353
0.007299
0.007246
0.007194
0.007143
0.007092
0.007042
0.006993
0.006944
0.006897
0.006849
0.006803
0.006757
0.006711
0.006667
